2016/06/07,0.00,0.00,0.00,1850000.00
2016/06/22,8044.03,2846.77,5197.26,1847153.23
2016/06/23,1017.91,1017.91,0.00,1846135.32
2016/07/19,9061.94,2582.88,6479.06,1843552.44
2016/08/18,9061.94,2591.63,6470.31,1840960.81
2016/09/19,9061.94,2601.04,6460.90,1838359.77
2016/10/19,3550.00,0.00,3550.00,1838359.77
2016/10/22,5511.94,2609.89,2902.05,1835749.88
2016/11/22,9061.94,2618.14,6443.80,1833131.74
2016/12/19,3000.00,0.00,3000.00,1833131.74
2016/12/22,6061.94,2627.35,3434.59,1830504.39
2017/02/01,9061.94,2636.59,6425.35,1827867.80
2017/03/01,9061.94,2643.08,6418.86,1825224.72
2017/04/01,9061.94,2652.36,6409.58,1822572.36
2017/05/01,9061.94,2661.67,6400.27,1819910.69
2017/06/01,9061.94,2671.02,6390.92,1817239.67
2017/07/01,9061.94,2680.40,6381.54,1814559.27
2017/08/01,9061.94,2689.81,6372.13,1811869.46
2017/09/01,9061.94,2699.26,6362.68,1809170.20
2017/10/01,9061.94,2708.74,6353.20,1806461.46
2017/11/01,9061.94,2718.25,6343.69,1803743.21
2017/12/01,9061.94,2727.79,6334.15,1801015.42
2018/01/01,9061.94,2737.38,6324.56,1798278.04
2018/02/01,9061.94,2746.98,6314.96,1795531.06
2018/03/01,9061.94,2756.64,6305.30,1792774.42
2018/04/01,9061.94,2766.31,6295.63,1790008.11
2018/05/01,9061.94,2776.03,6285.91,1787232.08
2018/06/01,9061.94,2785.78,6276.16,1784446.30
2018/07/01,9061.94,2795.56,6266.38,1781650.74
2018/08/01,9061.94,2805.37,6256.57,1778845.37
2018/09/01,9061.94,2815.23,6246.71,1776030.14
2018/10/01,9061.94,2825.12,6236.82,1773205.02
2018/11/01,9061.94,2835.03,6226.91,1770369.99
2018/12/01,9061.94,2844.99,6216.95,1767525.00
2019/01/01,9061.94,2854.98,6206.96,1764670.02
2019/02/01,9061.94,2865.01,6196.93,1761805.01
2019/03/01,9061.94,2875.07,6186.87,1758929.94
2019/04/01,9061.94,2885.16,6176.78,1756044.78
2019/05/01,9061.94,2895.30,6166.64,1753149.48
2019/06/01,9061.94,2905.46,6156.48,1750244.02
2019/07/01,9061.94,2915.67,6146.27,1747328.35
2019/08/01,9061.94,2925.90,6136.04,1744402.45
2019/09/01,9061.94,2936.18,6125.76,1741466.27
2019/10/01,9061.94,2946.49,6115.45,1738519.78
2019/11/01,9061.94,2956.84,6105.10,1735562.94
2019/12/01,9061.94,2967.22,6094.72,1732595.72
2020/01/01,9061.94,2977.64,6084.30,1729618.08
2020/02/01,9061.94,2988.10,6073.84,1726629.98
2020/03/01,9061.94,2998.59,6063.35,1723631.39
2020/04/01,9061.94,3009.12,6052.82,1720622.27
2020/05/01,9061.94,3019.69,6042.25,1717602.58
2020/06/01,9061.94,3030.30,6031.64,1714572.28
2020/07/01,9061.94,3040.93,6021.01,1711531.35
2020/08/01,9061.94,3051.61,6010.33,1708479.74
2020/09/01,9061.94,3062.33,5999.61,1705417.41
2020/10/01,9061.94,3073.08,5988.86,1702344.33
2020/11/01,9061.94,3083.88,5978.06,1699260.45
2020/12/01,9061.94,3094.70,5967.24,1696165.75
2021/01/01,9061.94,3105.57,5956.37,1693060.18
2021/02/01,9061.94,3116.48,5945.46,1689943.70
2021/03/01,9061.94,3127.42,5934.52,1686816.28
2021/04/01,9061.94,3138.40,5923.54,1683677.88
2021/05/01,9061.94,3149.43,5912.51,1680528.45
2021/06/01,9061.94,3160.48,5901.46,1677367.97
2021/07/01,9061.94,3171.58,5890.36,1674196.39
2021/08/01,9061.94,3182.73,5879.21,1671013.66
2021/09/01,9061.94,3193.89,5868.05,1667819.77
2021/10/01,9061.94,3205.12,5856.82,1664614.65
2021/11/01,9061.94,3216.36,5845.58,1661398.29
2021/12/01,9061.94,3227.67,5834.27,1658170.62
2022/01/01,9061.94,3238.99,5822.95,1654931.63
2022/02/01,9061.94,3250.38,5811.56,1651681.25
2022/03/01,9061.94,3261.78,5800.16,1648419.47
2022/04/01,9061.94,3273.24,5788.70,1645146.23
2022/05/01,9061.94,3284.74,5777.20,1641861.49
2022/06/01,9061.94,3296.27,5765.67,1638565.22
2022/07/01,9061.94,3307.84,5754.10,1635257.38
2022/08/01,9061.94,3319.46,5742.48,1631937.92
2022/09/01,9061.94,3331.12,5730.82,1628606.80
2022/10/01,9061.94,3342.82,5719.12,1625263.98
2022/11/01,9061.94,3354.55,5707.39,1621909.43
2022/12/01,9061.94,3366.34,5695.60,1618543.09
2023/01/01,9061.94,3378.15,5683.79,1615164.94
2023/02/01,9061.94,3390.02,5671.92,1611774.92
2023/03/01,9061.94,3401.92,5660.02,1608373.00
2023/04/01,9061.94,3413.88,5648.06,1604959.12
2023/05/01,9061.94,3425.85,5636.09,1601533.27
2023/06/01,9061.94,3437.89,5624.05,1598095.38
2023/07/01,9061.94,3449.96,5611.98,1594645.42
2023/08/01,9061.94,3462.08,5599.86,1591183.34
2023/09/01,9061.94,3474.24,5587.70,1587709.10
2023/10/01,9061.94,3486.43,5575.51,1584222.67
2023/11/01,9061.94,3498.68,5563.26,1580723.99
2023/12/01,9061.94,3510.96,5550.98,1577213.03
2024/01/01,9061.94,3523.30,5538.64,1573689.73
2024/02/01,9061.94,3535.66,5526.28,1570154.07
2024/03/01,9061.94,3548.09,5513.85,1566605.98
2024/04/01,9061.94,3560.54,5501.40,1563045.44
2024/05/01,9061.94,3573.04,5488.90,1559472.40
2024/06/01,9061.94,3585.60,5476.34,1555886.80
2024/07/01,9061.94,3598.18,5463.76,1552288.62
2024/08/01,9061.94,3610.82,5451.12,1548677.80
2024/09/01,9061.94,3623.50,5438.44,1545054.30
2024/10/01,9061.94,3636.22,5425.72,1541418.08
2024/11/01,9061.94,3649.00,5412.94,1537769.08
2024/12/01,9061.94,3661.80,5400.14,1534107.28
2025/01/01,9061.94,3674.67,5387.27,1530432.61
2025/02/01,9061.94,3687.57,5374.37,1526745.04
2025/03/01,9061.94,3700.52,5361.42,1523044.52
2025/04/01,9061.94,3713.52,5348.42,1519331.00
2025/05/01,9061.94,3726.55,5335.39,1515604.45
2025/06/01,9061.94,3739.65,5322.29,1511864.80
2025/07/01,9061.94,3752.77,5309.17,1508112.03
2025/08/01,9061.94,3765.95,5295.99,1504346.08
2025/09/01,9061.94,3779.18,5282.76,1500566.90
2025/10/01,9061.94,3792.45,5269.49,1496774.45
2025/11/01,9061.94,3805.77,5256.17,1492968.68
2025/12/01,9061.94,3819.13,5242.81,1489149.55
2026/01/01,9061.94,3832.54,5229.40,1485317.01
2026/02/01,9061.94,3846.00,5215.94,1481471.01
2026/03/01,9061.94,3859.51,5202.43,1477611.50
2026/04/01,9061.94,3873.06,5188.88,1473738.44
2026/05/01,9061.94,3886.67,5175.27,1469851.77
2026/06/01,9061.94,3900.31,5161.63,1465951.46
2026/07/01,9061.94,3914.00,5147.94,1462037.46
2026/08/01,9061.94,3927.75,5134.19,1458109.71
2026/09/01,9061.94,3941.55,5120.39,1454168.16
2026/10/01,9061.94,3955.39,5106.55,1450212.77
2026/11/01,9061.94,3969.27,5092.67,1446243.50
2026/12/01,9061.94,3983.22,5078.72,1442260.28
2027/01/01,9061.94,3997.20,5064.74,1438263.08
2027/02/01,9061.94,4011.24,5050.70,1434251.84
2027/03/01,9061.94,4025.32,5036.62,1430226.52
2027/04/01,9061.94,4039.47,5022.47,1426187.05
2027/05/01,9061.94,4053.64,5008.30,1422133.41
2027/06/01,9061.94,4067.88,4994.06,1418065.53
2027/07/01,9061.94,4082.17,4979.77,1413983.36
2027/08/01,9061.94,4096.50,4965.44,1409886.86
2027/09/01,9061.94,4110.89,4951.05,1405775.97
2027/10/01,9061.94,4125.32,4936.62,1401650.65
2027/11/01,9061.94,4139.81,4922.13,1397510.84
2027/12/01,9061.94,4154.35,4907.59,1393356.49
2028/01/01,9061.94,4168.94,4893.00,1389187.55
2028/02/01,9061.94,4183.57,4878.37,1385003.98
2028/03/01,9061.94,4198.27,4863.67,1380805.71
2028/04/01,9061.94,4213.01,4848.93,1376592.70
2028/05/01,9061.94,4227.81,4834.13,1372364.89
2028/06/01,9061.94,4242.65,4819.29,1368122.24
2028/07/01,9061.94,4257.55,4804.39,1363864.69
2028/08/01,9061.94,4272.50,4789.44,1359592.19
2028/09/01,9061.94,4287.51,4774.43,1355304.68
2028/10/01,9061.94,4302.56,4759.38,1351002.12
2028/11/01,9061.94,4317.67,4744.27,1346684.45
2028/12/01,9061.94,4332.83,4729.11,1342351.62
2029/01/01,9061.94,4348.05,4713.89,1338003.57
2029/02/01,9061.94,4363.32,4698.62,1333640.25
2029/03/01,9061.94,4378.64,4683.30,1329261.61
2029/04/01,9061.94,4394.01,4667.93,1324867.60
2029/05/01,9061.94,4409.45,4652.49,1320458.15
2029/06/01,9061.94,4424.93,4637.01,1316033.22
2029/07/01,9061.94,4440.47,4621.47,1311592.75
2029/08/01,9061.94,4456.07,4605.87,1307136.68
2029/09/01,9061.94,4471.71,4590.23,1302664.97
2029/10/01,9061.94,4487.41,4574.53,1298177.56
2029/11/01,9061.94,4503.18,4558.76,1293674.38
2029/12/01,9061.94,4518.98,4542.96,1289155.40
2030/01/01,9061.94,4534.86,4527.08,1284620.54
2030/02/01,9061.94,4550.78,4511.16,1280069.76
2030/03/01,9061.94,4566.76,4495.18,1275503.00
2030/04/01,9061.94,4582.80,4479.14,1270920.20
2030/05/01,9061.94,4598.89,4463.05,1266321.31
2030/06/01,9061.94,4615.04,4446.90,1261706.27
2030/07/01,9061.94,4631.25,4430.69,1257075.02
2030/08/01,9061.94,4647.51,4414.43,1252427.51
2030/09/01,9061.94,4663.84,4398.10,1247763.67
2030/10/01,9061.94,4680.21,4381.73,1243083.46
2030/11/01,9061.94,4696.64,4365.30,1238386.82
2030/12/01,9061.94,4713.14,4348.80,1233673.68
2031/01/01,9061.94,4729.69,4332.25,1228943.99
2031/02/01,9061.94,4746.30,4315.64,1224197.69
2031/03/01,9061.94,4762.96,4298.98,1219434.73
2031/04/01,9061.94,4779.69,4282.25,1214655.04
2031/05/01,9061.94,4796.48,4265.46,1209858.56
2031/06/01,9061.94,4813.32,4248.62,1205045.24
2031/07/01,9061.94,4830.22,4231.72,1200215.02
2031/08/01,9061.94,4847.19,4214.75,1195367.83
2031/09/01,9061.94,4864.20,4197.74,1190503.63
2031/10/01,9061.94,4881.29,4180.65,1185622.34
2031/11/01,9061.94,4898.43,4163.51,1180723.91
2031/12/01,9061.94,4915.63,4146.31,1175808.28
2032/01/01,9061.94,4932.90,4129.04,1170875.38
2032/02/01,9061.94,4950.21,4111.73,1165925.17
2032/03/01,9061.94,4967.60,4094.34,1160957.57
2032/04/01,9061.94,4985.05,4076.89,1155972.52
2032/05/01,9061.94,5002.55,4059.39,1150969.97
2032/06/01,9061.94,5020.11,4041.83,1145949.86
2032/07/01,9061.94,5037.75,4024.19,1140912.11
2032/08/01,9061.94,5055.44,4006.50,1135856.67
2032/09/01,9061.94,5073.19,3988.75,1130783.48
2032/10/01,9061.94,5091.00,3970.94,1125692.48
2032/11/01,9061.94,5108.88,3953.06,1120583.60
2032/12/01,9061.94,5126.83,3935.11,1115456.77
2033/01/01,9061.94,5144.83,3917.11,1110311.94
2033/02/01,9061.94,5162.89,3899.05,1105149.05
2033/03/01,9061.94,5181.03,3880.91,1099968.02
2033/04/01,9061.94,5199.21,3862.73,1094768.81
2033/05/01,9061.94,5217.48,3844.46,1089551.33
2033/06/01,9061.94,5235.80,3826.14,1084315.53
2033/07/01,9061.94,5254.19,3807.75,1079061.34
2033/08/01,9061.94,5272.63,3789.31,1073788.71
2033/09/01,9061.94,5291.15,3770.79,1068497.56
2033/10/01,9061.94,5309.74,3752.20,1063187.82
2033/11/01,9061.94,5328.38,3733.56,1057859.44
2033/12/01,9061.94,5347.09,3714.85,1052512.35
2034/01/01,9061.94,5365.86,3696.08,1047146.49
2034/02/01,9061.94,5384.71,3677.23,1041761.78
2034/03/01,9061.94,5403.62,3658.32,1036358.16
2034/04/01,9061.94,5422.60,3639.34,1030935.56
2034/05/01,9061.94,5441.64,3620.30,1025493.92
2034/06/01,9061.94,5460.74,3601.20,1020033.18
2034/07/01,9061.94,5479.93,3582.01,1014553.25
2034/08/01,9061.94,5499.17,3562.77,1009054.08
2034/09/01,9061.94,5518.47,3543.47,1003535.61
2034/10/01,9061.94,5537.86,3524.08,997997.75
2034/11/01,9061.94,5557.31,3504.63,992440.44
2034/12/01,9061.94,5576.82,3485.12,986863.62
2035/01/01,9061.94,5596.40,3465.54,981267.22
2035/02/01,9061.94,5616.06,3445.88,975651.16
2035/03/01,9061.94,5635.77,3426.17,970015.39
2035/04/01,9061.94,5655.57,3406.37,964359.82
2035/05/01,9061.94,5675.43,3386.51,958684.39
2035/06/01,9061.94,5695.36,3366.58,952989.03
2035/07/01,9061.94,5715.36,3346.58,947273.67
2035/08/01,9061.94,5735.43,3326.51,941538.24
2035/09/01,9061.94,5755.58,3306.36,935782.66
2035/10/01,9061.94,5775.78,3286.16,930006.88
2035/11/01,9061.94,5796.06,3265.88,924210.82
2035/12/01,9061.94,5816.42,3245.52,918394.40
2036/01/01,9061.94,5836.85,3225.09,912557.55
2036/02/01,9061.94,5857.34,3204.60,906700.21
2036/03/01,9061.94,5877.91,3184.03,900822.30
2036/04/01,9061.94,5898.56,3163.38,894923.74
2036/05/01,9061.94,5919.26,3142.68,889004.48
2036/06/01,9061.94,5940.05,3121.89,883064.43
2036/07/01,9061.94,5960.92,3101.02,877103.51
2036/08/01,9061.94,5981.84,3080.10,871121.67
2036/09/01,9061.94,6002.85,3059.09,865118.82
2036/10/01,9061.94,6023.93,3038.01,859094.89
2036/11/01,9061.94,6045.09,3016.85,853049.80
2036/12/01,9061.94,6066.31,2995.63,846983.49
2037/01/01,9061.94,6087.62,2974.32,840895.87
2037/02/01,9061.94,6108.99,2952.95,834786.88
2037/03/01,9061.94,6130.45,2931.49,828656.43
2037/04/01,9061.94,6151.97,2909.97,822504.46
2037/05/01,9061.94,6173.58,2888.36,816330.88
2037/06/01,9061.94,6195.26,2866.68,810135.62
2037/07/01,9061.94,6217.01,2844.93,803918.61
2037/08/01,9061.94,6238.85,2823.09,797679.76
2037/09/01,9061.94,6260.75,2801.19,791419.01
2037/10/01,9061.94,6282.74,2779.20,785136.27
2037/11/01,9061.94,6304.81,2757.13,778831.46
2037/12/01,9061.94,6326.94,2735.00,772504.52
2038/01/01,9061.94,6349.16,2712.78,766155.36
2038/02/01,9061.94,6371.46,2690.48,759783.90
2038/03/01,9061.94,6393.83,2668.11,753390.07
2038/04/01,9061.94,6416.29,2645.65,746973.78
2038/05/01,9061.94,6438.81,2623.13,740534.97
2038/06/01,9061.94,6461.43,2600.51,734073.54
2038/07/01,9061.94,6484.12,2577.82,727589.42
2038/08/01,9061.94,6506.89,2555.05,721082.53
2038/09/01,9061.94,6529.74,2532.20,714552.79
2038/10/01,9061.94,6552.67,2509.27,708000.12
2038/11/01,9061.94,6575.68,2486.26,701424.44
2038/12/01,9061.94,6598.77,2463.17,694825.67
2039/01/01,9061.94,6621.94,2440.00,688203.73
2039/02/01,9061.94,6645.20,2416.74,681558.53
2039/03/01,9061.94,6668.53,2393.41,674890.00
2039/04/01,9061.94,6691.95,2369.99,668198.05
2039/05/01,9061.94,6715.46,2346.48,661482.59
2039/06/01,9061.94,6739.03,2322.91,654743.56
2039/07/01,9061.94,6762.70,2299.24,647980.86
2039/08/01,9061.94,6786.45,2275.49,641194.41
2039/09/01,9061.94,6810.27,2251.67,634384.14
2039/10/01,9061.94,6834.20,2227.74,627549.94
2039/11/01,9061.94,6858.19,2203.75,620691.75
2039/12/01,9061.94,6882.28,2179.66,613809.47
2040/01/01,9061.94,6906.45,2155.49,606903.02
2040/02/01,9061.94,6930.69,2131.25,599972.33
2040/03/01,9061.94,6955.04,2106.90,593017.29
2040/04/01,9061.94,6979.46,2082.48,586037.83
2040/05/01,9061.94,7003.97,2057.97,579033.86
2040/06/01,9061.94,7028.57,2033.37,572005.29
2040/07/01,9061.94,7053.25,2008.69,564952.04
2040/08/01,9061.94,7078.01,1983.93,557874.03
2040/09/01,9061.94,7102.88,1959.06,550771.15
2040/10/01,9061.94,7127.81,1934.13,543643.34
2040/11/01,9061.94,7152.85,1909.09,536490.49
2040/12/01,9061.94,7177.96,1883.98,529312.53
2041/01/01,9061.94,7203.17,1858.77,522109.36
2041/02/01,9061.94,7228.47,1833.47,514880.89
2041/03/01,9061.94,7253.85,1808.09,507627.04
2041/04/01,9061.94,7279.32,1782.62,500347.72
2041/05/01,9061.94,7304.89,1757.05,493042.83
2041/06/01,9061.94,7330.54,1731.40,485712.29
2041/07/01,9061.94,7356.28,1705.66,478356.01
2041/08/01,9061.94,7382.11,1679.83,470973.90
2041/09/01,9061.94,7408.04,1653.90,463565.86
2041/10/01,9061.94,7434.05,1627.89,456131.81
2041/11/01,9061.94,7460.15,1601.79,448671.66
2041/12/01,9061.94,7486.36,1575.58,441185.30
2042/01/01,9061.94,7512.64,1549.30,433672.66
2042/02/01,9061.94,7539.03,1522.91,426133.63
2042/03/01,9061.94,7565.50,1496.44,418568.13
2042/04/01,9061.94,7592.07,1469.87,410976.06
2042/05/01,9061.94,7618.73,1443.21,403357.33
2042/06/01,9061.94,7645.48,1416.46,395711.85
2042/07/01,9061.94,7672.33,1389.61,388039.52
2042/08/01,9061.94,7699.28,1362.66,380340.24
2042/09/01,9061.94,7726.31,1335.63,372613.93
2042/10/01,9061.94,7753.44,1308.50,364860.49
2042/11/01,9061.94,7780.67,1281.27,357079.82
2042/12/01,9061.94,7808.00,1253.94,349271.82
2043/01/01,9061.94,7835.41,1226.53,341436.41
2043/02/01,9061.94,7862.93,1199.01,333573.48
2043/03/01,9061.94,7890.54,1171.40,325682.94
2043/04/01,9061.94,7918.25,1143.69,317764.69
2043/05/01,9061.94,7946.06,1115.88,309818.63
2043/06/01,9061.94,7973.96,1087.98,301844.67
2043/07/01,9061.94,8001.96,1059.98,293842.71
2043/08/01,9061.94,8030.06,1031.88,285812.65
2043/09/01,9061.94,8058.27,1003.67,277754.38
2043/10/01,9061.94,8086.55,975.39,269667.83
2043/11/01,9061.94,8114.96,946.98,261552.87
2043/12/01,9061.94,8143.45,918.49,253409.42
2044/01/01,9061.94,8172.06,889.88,245237.36
2044/02/01,9061.94,8200.74,861.20,237036.62
2044/03/01,9061.94,8229.55,832.39,228807.07
2044/04/01,9061.94,8258.45,803.49,220548.62
2044/05/01,9061.94,8287.44,774.50,212261.18
2044/06/01,9061.94,8316.55,745.39,203944.63
2044/07/01,9061.94,8345.76,716.18,195598.87
2044/08/01,9061.94,8375.06,686.88,187223.81
2044/09/01,9061.94,8404.47,657.47,178819.34
2044/10/01,9061.94,8433.99,627.95,170385.35
2044/11/01,9061.94,8463.60,598.34,161921.75
2044/12/01,9061.94,8493.33,568.61,153428.42
2045/01/01,9061.94,8523.15,538.79,144905.27
2045/02/01,9061.94,8553.08,508.86,136352.19
2045/03/01,9061.94,8583.11,478.83,127769.08
2045/04/01,9061.94,8613.26,448.68,119155.82
2045/05/01,9061.94,8643.51,418.43,110512.31
2045/06/01,9061.94,8673.85,388.09,101838.46
2045/07/01,9061.94,8704.32,357.62,93134.14
2045/08/01,9061.94,8734.88,327.06,84399.26
2045/09/01,9061.94,8765.56,296.38,75633.70
2045/10/01,9061.94,8796.34,265.60,66837.36
2045/11/01,9061.94,8827.23,234.71,58010.13
2045/12/01,9061.94,8858.23,203.71,49151.90
2046/01/01,9061.94,8889.33,172.61,40262.57
2046/02/01,9061.94,8920.56,141.38,31342.01
2046/03/01,9061.94,8951.87,110.07,22390.14
2046/04/01,9061.94,8983.32,78.62,13406.82
2046/05/01,9061.94,9014.86,47.08,4391.96
2046/06/07,4410.47,4391.96,18.51,0.00