还款日期,分期还款额,应还本金,应还利息,本金余额
2016/06/07,0.00,0.00,0.00,700000.00
2016/06/23,3248.04,1731.38,1516.66,698268.62
2016/07/19,3248.04,1358.14,1889.90,696910.48
2016/08/18,3248.04,1362.05,1885.99,695548.43
2016/09/19,3248.04,1365.86,1882.18,694182.57
2016/10/19,3248.04,1369.44,1878.60,692813.13
2016/11/17,1830.00,0.00,1830.00,692813.13
2016/11/22,1418.04,1373.16,44.88,691439.97
2016/12/19,3248.04,1376.50,1871.54,690063.47
2017/02/01,3248.04,1380.61,1867.43,688682.86
2017/03/01,3248.04,1382.86,1865.18,687300.00
2017/04/01,3248.04,1386.60,1861.44,685913.40
2017/05/01,3248.04,1390.36,1857.68,684523.04
2017/06/01,3248.04,1394.12,1853.92,683128.92
2017/07/01,3248.04,1397.90,1850.14,681731.02
2017/08/01,3248.04,1401.69,1846.35,680329.33
2017/09/01,3248.04,1405.48,1842.56,678923.85
2017/10/01,3248.04,1409.29,1838.75,677514.56
2017/11/01,3248.04,1413.10,1834.94,676101.46
2017/12/01,3248.04,1416.93,1831.11,674684.53
2018/01/01,3248.04,1420.77,1827.27,673263.76
2018/02/01,3248.04,1424.62,1823.42,671839.14
2018/03/01,3248.04,1428.48,1819.56,670410.66
2018/04/01,3248.04,1432.34,1815.70,668978.32
2018/05/01,3248.04,1436.23,1811.81,667542.09
2018/06/01,3248.04,1440.11,1807.93,666101.98
2018/07/01,3248.04,1444.01,1804.03,664657.97
2018/08/01,3248.04,1447.93,1800.11,663210.04
2018/09/01,3248.04,1451.84,1796.20,661758.20
2018/10/01,3248.04,1455.78,1792.26,660302.42
2018/11/01,3248.04,1459.72,1788.32,658842.70
2018/12/01,3248.04,1463.68,1784.36,657379.02
2019/01/01,3248.04,1467.64,1780.40,655911.38
2019/02/01,3248.04,1471.61,1776.43,654439.77
2019/03/01,3248.04,1475.60,1772.44,652964.17
2019/04/01,3248.04,1479.59,1768.45,651484.58
2019/05/01,3248.04,1483.61,1764.43,650000.97
2019/06/01,3248.04,1487.62,1760.42,648513.35
2019/07/01,3248.04,1491.65,1756.39,647021.70
2019/08/01,3248.04,1495.69,1752.35,645526.01
2019/09/01,3248.04,1499.74,1748.30,644026.27
2019/10/01,3248.04,1503.80,1744.24,642522.47
2019/11/01,3248.04,1507.87,1740.17,641014.60
2019/12/01,3248.04,1511.96,1736.08,639502.64
2020/01/01,3248.04,1516.06,1731.98,637986.58
2020/02/01,3248.04,1520.16,1727.88,636466.42
2020/03/01,3248.04,1524.27,1723.77,634942.15
2020/04/01,3248.04,1528.41,1719.63,633413.74
2020/05/01,3248.04,1532.54,1715.50,631881.20
2020/06/01,3248.04,1536.70,1711.34,630344.50
2020/07/01,3248.04,1540.85,1707.19,628803.65
2020/08/01,3248.04,1545.03,1703.01,627258.62
2020/09/01,3248.04,1549.22,1698.82,625709.40
2020/10/01,3248.04,1553.41,1694.63,624155.99
2020/11/01,3248.04,1557.62,1690.42,622598.37
2020/12/01,3248.04,1561.83,1686.21,621036.54
2021/01/01,3248.04,1566.07,1681.97,619470.47
2021/02/01,3248.04,1570.31,1677.73,617900.16
2021/03/01,3248.04,1574.56,1673.48,616325.60
2021/04/01,3248.04,1578.82,1669.22,614746.78
2021/05/01,3248.04,1583.10,1664.94,613163.68
2021/06/01,3248.04,1587.39,1660.65,611576.29
2021/07/01,3248.04,1591.69,1656.35,609984.60
2021/08/01,3248.04,1596.00,1652.04,608388.60
2021/09/01,3248.04,1600.32,1647.72,606788.28
2021/10/01,3248.04,1604.65,1643.39,605183.63
2021/11/01,3248.04,1609.00,1639.04,603574.63
2021/12/01,3248.04,1613.36,1634.68,601961.27
2022/01/01,3248.04,1617.73,1630.31,600343.54
2022/02/01,3248.04,1622.11,1625.93,598721.43
2022/03/01,3248.04,1626.50,1621.54,597094.93
2022/04/01,3248.04,1630.91,1617.13,595464.02
2022/05/01,3248.04,1635.33,1612.71,593828.69
2022/06/01,3248.04,1639.75,1608.29,592188.94
2022/07/01,3248.04,1644.19,1603.85,590544.75
2022/08/01,3248.04,1648.65,1599.39,588896.10
2022/09/01,3248.04,1653.12,1594.92,587242.98
2022/10/01,3248.04,1657.59,1590.45,585585.39
2022/11/01,3248.04,1662.07,1585.97,583923.32
2022/12/01,3248.04,1666.59,1581.45,582256.73
2023/01/01,3248.04,1671.09,1576.95,580585.64
2023/02/01,3248.04,1675.62,1572.42,578910.02
2023/03/01,3248.04,1680.16,1567.88,577229.86
2023/04/01,3248.04,1684.71,1563.33,575545.15
2023/05/01,3248.04,1689.27,1558.77,573855.88
2023/06/01,3248.04,1693.85,1554.19,572162.03
2023/07/01,3248.04,1698.43,1549.61,570463.60
2023/08/01,3248.04,1703.04,1545.00,568760.56
2023/09/01,3248.04,1707.64,1540.40,567052.92
2023/10/01,3248.04,1712.28,1535.76,565340.64
2023/11/01,3248.04,1716.90,1531.14,563623.74
2023/12/01,3248.04,1721.56,1526.48,561902.18
2024/01/01,3248.04,1726.23,1521.81,560175.95
2024/02/01,3248.04,1730.89,1517.15,558445.06
2024/03/01,3248.04,1735.59,1512.45,556709.47
2024/04/01,3248.04,1740.28,1507.76,554969.19
2024/05/01,3248.04,1745.00,1503.04,553224.19
2024/06/01,3248.04,1749.72,1498.32,551474.47
2024/07/01,3248.04,1754.47,1493.57,549720.00
2024/08/01,3248.04,1759.21,1488.83,547960.79
2024/09/01,3248.04,1763.98,1484.06,546196.81
2024/10/01,3248.04,1768.76,1479.28,544428.05
2024/11/01,3248.04,1773.55,1474.49,542654.50
2024/12/01,3248.04,1778.35,1469.69,540876.15
2025/01/01,3248.04,1783.16,1464.88,539092.99
2025/02/01,3248.04,1788.00,1460.04,537304.99
2025/03/01,3248.04,1792.84,1455.20,535512.15
2025/04/01,3248.04,1797.69,1450.35,533714.46
2025/05/01,3248.04,1802.57,1445.47,531911.89
2025/06/01,3248.04,1807.44,1440.60,530104.45
2025/07/01,3248.04,1812.34,1435.70,528292.11
2025/08/01,3248.04,1817.25,1430.79,526474.86
2025/09/01,3248.04,1822.17,1425.87,524652.69
2025/10/01,3248.04,1827.11,1420.93,522825.58
2025/11/01,3248.04,1832.05,1415.99,520993.53
2025/12/01,3248.04,1837.02,1411.02,519156.51
2026/01/01,3248.04,1841.99,1406.05,517314.52
2026/02/01,3248.04,1846.98,1401.06,515467.54
2026/03/01,3248.04,1851.98,1396.06,513615.56
2026/04/01,3248.04,1857.00,1391.04,511758.56
2026/05/01,3248.04,1862.03,1386.01,509896.53
2026/06/01,3248.04,1867.07,1380.97,508029.46
2026/07/01,3248.04,1872.12,1375.92,506157.34
2026/08/01,3248.04,1877.20,1370.84,504280.14
2026/09/01,3248.04,1882.28,1365.76,502397.86
2026/10/01,3248.04,1887.38,1360.66,500510.48
2026/11/01,3248.04,1892.49,1355.55,498617.99
2026/12/01,3248.04,1897.62,1350.42,496720.37
2027/01/01,3248.04,1902.75,1345.29,494817.62
2027/02/01,3248.04,1907.91,1340.13,492909.71
2027/03/01,3248.04,1913.08,1334.96,490996.63
2027/04/01,3248.04,1918.26,1329.78,489078.37
2027/05/01,3248.04,1923.45,1324.59,487154.92
2027/06/01,3248.04,1928.66,1319.38,485226.26
2027/07/01,3248.04,1933.89,1314.15,483292.37
2027/08/01,3248.04,1939.12,1308.92,481353.25
2027/09/01,3248.04,1944.38,1303.66,479408.87
2027/10/01,3248.04,1949.64,1298.40,477459.23
2027/11/01,3248.04,1954.92,1293.12,475504.31
2027/12/01,3248.04,1960.21,1287.83,473544.10
2028/01/01,3248.04,1965.53,1282.51,471578.57
2028/02/01,3248.04,1970.85,1277.19,469607.72
2028/03/01,3248.04,1976.18,1271.86,467631.54
2028/04/01,3248.04,1981.54,1266.50,465650.00
2028/05/01,3248.04,1986.90,1261.14,463663.10
2028/06/01,3248.04,1992.29,1255.75,461670.81
2028/07/01,3248.04,1997.68,1250.36,459673.13
2028/08/01,3248.04,2003.09,1244.95,457670.04
2028/09/01,3248.04,2008.52,1239.52,455661.52
2028/10/01,3248.04,2013.96,1234.08,453647.56
2028/11/01,3248.04,2019.41,1228.63,451628.15
2028/12/01,3248.04,2024.88,1223.16,449603.27
2029/01/01,3248.04,2030.36,1217.68,447572.91
2029/02/01,3248.04,2035.87,1212.17,445537.04
2029/03/01,3248.04,2041.37,1206.67,443495.67
2029/04/01,3248.04,2046.91,1201.13,441448.76
2029/05/01,3248.04,2052.45,1195.59,439396.31
2029/06/01,3248.04,2058.01,1190.03,437338.30
2029/07/01,3248.04,2063.58,1184.46,435274.72
2029/08/01,3248.04,2069.17,1178.87,433205.55
2029/09/01,3248.04,2074.78,1173.26,431130.77
2029/10/01,3248.04,2080.39,1167.65,429050.38
2029/11/01,3248.04,2086.03,1162.01,426964.35
2029/12/01,3248.04,2091.68,1156.36,424872.67
2030/01/01,3248.04,2097.34,1150.70,422775.33
2030/02/01,3248.04,2103.02,1145.02,420672.31
2030/03/01,3248.04,2108.72,1139.32,418563.59
2030/04/01,3248.04,2114.43,1133.61,416449.16
2030/05/01,3248.04,2120.16,1127.88,414329.00
2030/06/01,3248.04,2125.90,1122.14,412203.10
2030/07/01,3248.04,2131.66,1116.38,410071.44
2030/08/01,3248.04,2137.43,1110.61,407934.01
2030/09/01,3248.04,2143.21,1104.83,405790.80
2030/10/01,3248.04,2149.03,1099.01,403641.77
2030/11/01,3248.04,2154.84,1093.20,401486.93
2030/12/01,3248.04,2160.68,1087.36,399326.25
2031/01/01,3248.04,2166.53,1081.51,397159.72
2031/02/01,3248.04,2172.40,1075.64,394987.32
2031/03/01,3248.04,2178.28,1069.76,392809.04
2031/04/01,3248.04,2184.19,1063.85,390624.85
2031/05/01,3248.04,2190.09,1057.95,388434.76
2031/06/01,3248.04,2196.03,1052.01,386238.73
2031/07/01,3248.04,2201.98,1046.06,384036.75
2031/08/01,3248.04,2207.94,1040.10,381828.81
2031/09/01,3248.04,2213.92,1034.12,379614.89
2031/10/01,3248.04,2219.92,1028.12,377394.97
2031/11/01,3248.04,2225.93,1022.11,375169.04
2031/12/01,3248.04,2231.95,1016.09,372937.09
2032/01/01,3248.04,2238.00,1010.04,370699.09
2032/02/01,3248.04,2244.07,1003.97,368455.02
2032/03/01,3248.04,2250.14,997.90,366204.88
2032/04/01,3248.04,2256.23,991.81,363948.65
2032/05/01,3248.04,2262.35,985.69,361686.30
2032/06/01,3248.04,2268.47,979.57,359417.83
2032/07/01,3248.04,2274.62,973.42,357143.21
2032/08/01,3248.04,2280.78,967.26,354862.43
2032/09/01,3248.04,2286.95,961.09,352575.48
2032/10/01,3248.04,2293.15,954.89,350282.33
2032/11/01,3248.04,2299.36,948.68,347982.97
2032/12/01,3248.04,2305.58,942.46,345677.39
2033/01/01,3248.04,2311.83,936.21,343365.56
2033/02/01,3248.04,2318.10,929.94,341047.46
2033/03/01,3248.04,2324.37,923.67,338723.09
2033/04/01,3248.04,2330.66,917.38,336392.43
2033/05/01,3248.04,2336.98,911.06,334055.45
2033/06/01,3248.04,2343.30,904.74,331712.15
2033/07/01,3248.04,2349.66,898.38,329362.49
2033/08/01,3248.04,2356.01,892.03,327006.48
2033/09/01,3248.04,2362.40,885.64,324644.08
2033/10/01,3248.04,2368.80,879.24,322275.28
2033/11/01,3248.04,2375.21,872.83,319900.07
2033/12/01,3248.04,2381.64,866.40,317518.43
2034/01/01,3248.04,2388.10,859.94,315130.33
2034/02/01,3248.04,2394.56,853.48,312735.77
2034/03/01,3248.04,2401.05,846.99,310334.72
2034/04/01,3248.04,2407.55,840.49,307927.17
2034/05/01,3248.04,2414.07,833.97,305513.10
2034/06/01,3248.04,2420.60,827.44,303092.50
2034/07/01,3248.04,2427.17,820.87,300665.33
2034/08/01,3248.04,2433.74,814.30,298231.59
2034/09/01,3248.04,2440.33,807.71,295791.26
2034/10/01,3248.04,2446.94,801.10,293344.32
2034/11/01,3248.04,2453.56,794.48,290890.76
2034/12/01,3248.04,2460.21,787.83,288430.55
2035/01/01,3248.04,2466.88,781.16,285963.67
2035/02/01,3248.04,2473.55,774.49,283490.12
2035/03/01,3248.04,2480.26,767.78,281009.86
2035/04/01,3248.04,2486.97,761.07,278522.89
2035/05/01,3248.04,2493.70,754.34,276029.19
2035/06/01,3248.04,2500.46,747.58,273528.73
2035/07/01,3248.04,2507.24,740.80,271021.49
2035/08/01,3248.04,2514.02,734.02,268507.47
2035/09/01,3248.04,2520.83,727.21,265986.64
2035/10/01,3248.04,2527.66,720.38,263458.98
2035/11/01,3248.04,2534.51,713.53,260924.47
2035/12/01,3248.04,2541.37,706.67,258383.10
2036/01/01,3248.04,2548.25,699.79,255834.85
2036/02/01,3248.04,2555.15,692.89,253279.70
2036/03/01,3248.04,2562.08,685.96,250717.62
2036/04/01,3248.04,2569.01,679.03,248148.61
2036/05/01,3248.04,2575.97,672.07,245572.64
2036/06/01,3248.04,2582.95,665.09,242989.69
2036/07/01,3248.04,2589.94,658.10,240399.75
2036/08/01,3248.04,2596.96,651.08,237802.79
2036/09/01,3248.04,2603.99,644.05,235198.80
2036/10/01,3248.04,2611.04,637.00,232587.76
2036/11/01,3248.04,2618.12,629.92,229969.64
2036/12/01,3248.04,2625.20,622.84,227344.44
2037/01/01,3248.04,2632.32,615.72,224712.12
2037/02/01,3248.04,2639.44,608.60,222072.68
2037/03/01,3248.04,2646.60,601.44,219426.08
2037/04/01,3248.04,2653.76,594.28,216772.32
2037/05/01,3248.04,2660.95,587.09,214111.37
2037/06/01,3248.04,2668.15,579.89,211443.22
2037/07/01,3248.04,2675.38,572.66,208767.84
2037/08/01,3248.04,2682.63,565.41,206085.21
2037/09/01,3248.04,2689.89,558.15,203395.32
2037/10/01,3248.04,2697.18,550.86,200698.14
2037/11/01,3248.04,2704.48,543.56,197993.66
2037/12/01,3248.04,2711.81,536.23,195281.85
2038/01/01,3248.04,2719.15,528.89,192562.70
2038/02/01,3248.04,2726.52,521.52,189836.18
2038/03/01,3248.04,2733.90,514.14,187102.28
2038/04/01,3248.04,2741.30,506.74,184360.98
2038/05/01,3248.04,2748.73,499.31,181612.25
2038/06/01,3248.04,2756.18,491.86,178856.07
2038/07/01,3248.04,2763.63,484.41,176092.44
2038/08/01,3248.04,2771.13,476.91,173321.31
2038/09/01,3248.04,2778.63,469.41,170542.68
2038/10/01,3248.04,2786.15,461.89,167756.53
2038/11/01,3248.04,2793.70,454.34,164962.83
2038/12/01,3248.04,2801.26,446.78,162161.57
2039/01/01,3248.04,2808.86,439.18,159352.71
2039/02/01,3248.04,2816.46,431.58,156536.25
2039/03/01,3248.04,2824.08,423.96,153712.17
2039/04/01,3248.04,2831.74,416.30,150880.43
2039/05/01,3248.04,2839.41,408.63,148041.02
2039/06/01,3248.04,2847.09,400.95,145193.93
2039/07/01,3248.04,2854.81,393.23,142339.12
2039/08/01,3248.04,2862.54,385.50,139476.58
2039/09/01,3248.04,2870.29,377.75,136606.29
2039/10/01,3248.04,2878.06,369.98,133728.23
2039/11/01,3248.04,2885.86,362.18,130842.37
2039/12/01,3248.04,2893.68,354.36,127948.69
2040/01/01,3248.04,2901.51,346.53,125047.18
2040/02/01,3248.04,2909.37,338.67,122137.81
2040/03/01,3248.04,2917.25,330.79,119220.56
2040/04/01,3248.04,2925.15,322.89,116295.41
2040/05/01,3248.04,2933.07,314.97,113362.34
2040/06/01,3248.04,2941.02,307.02,110421.32
2040/07/01,3248.04,2948.98,299.06,107472.34
2040/08/01,3248.04,2956.97,291.07,104515.37
2040/09/01,3248.04,2964.98,283.06,101550.39
2040/10/01,3248.04,2973.01,275.03,98577.38
2040/11/01,3248.04,2981.06,266.98,95596.32
2040/12/01,3248.04,2989.13,258.91,92607.19
2041/01/01,3248.04,2997.23,250.81,89609.96
2041/02/01,3248.04,3005.34,242.70,86604.62
2041/03/01,3248.04,3013.49,234.55,83591.13
2041/04/01,3248.04,3021.65,226.39,80569.48
2041/05/01,3248.04,3029.83,218.21,77539.65
2041/06/01,3248.04,3038.04,210.00,74501.61
2041/07/01,3248.04,3046.26,201.78,71455.35
2041/08/01,3248.04,3054.52,193.52,68400.83
2041/09/01,3248.04,3062.78,185.26,65338.05
2041/10/01,3248.04,3071.09,176.95,62266.96
2041/11/01,3248.04,3079.40,168.64,59187.56
2041/12/01,3248.04,3087.74,160.30,56099.82
2042/01/01,3248.04,3096.10,151.94,53003.72
2042/02/01,3248.04,3104.49,143.55,49899.23
2042/03/01,3248.04,3112.89,135.15,46786.34
2042/04/01,3248.04,3121.33,126.71,43665.01
2042/05/01,3248.04,3129.78,118.26,40535.23
2042/06/01,3248.04,3138.26,109.78,37396.97
2042/07/01,3248.04,3146.76,101.28,34250.21
2042/08/01,3248.04,3155.27,92.77,31094.94
2042/09/01,3248.04,3163.83,84.21,27931.11
2042/10/01,3248.04,3172.39,75.65,24758.72
2042/11/01,3248.04,3180.99,67.05,21577.73
2042/12/01,3248.04,3189.60,58.44,18388.13
2043/01/01,3248.04,3198.24,49.80,15189.89
2043/02/01,3248.04,3206.90,41.14,11982.99
2043/03/01,3248.04,3215.58,32.46,8767.41
2043/04/01,3248.04,3224.30,23.74,5543.11
2043/05/01,3248.04,3233.03,15.01,2310.08
2043/06/07,2317.59,2310.08,7.51,0.00


